An “ALL-ROUND” health cover
to guard your family
CIN: U66010PN2000PLC015329, UIN: BAJHLIP26073V082526CIN: U66010PN2000PLC015329, UIN:BAJHLIP26073V082526 
2
Internal Tariff
Note: The premiums are in INR  *The Below mentioned premium rates are for Zone A 
Health Guard – Silver Plan (Individual)
Health Guard Silver (Individual)
Insured Age/SI  
1,50,000 
 
2,00,000 
3 months to 20 
Years  4,197  5,873 
21-25 Years  6,828  9,574 
26-30 Years  7,267  10,193 
31-35 Years  7,464  10,470 
36-40 Years  8,980  12,603 
41-45 Years  10,703  15,026 
46-50 Years  13,258  18,621 
51-55 Years  17,507  24,601 
56-60 Years  23,684  33,293 
61-65 Years  31,687  35,575 
66-70 Years  43,069  48,665 
71-75 Years  48,657  62,014 
above 75 Years  51,006  69,725 
Health Guard – Gold Plan (Individual)
Health Guard – Gold Plan (Individual)
Insured Age/
SI 3,00,000  4,00,000  5,00,000  7,50,000  10,00,000  15,00,000  20,00,000  25,00,000  30,00,000  35,00,000  40,00,000  45,00,000  50,00,000 
3 months 
to 20 Years  7,446  8,055  8,264  8,690  9,089  10,060  10,403  10,863  11,343  11,845  12,370  12,919  13,492 
21-25 Years  12,144  13,131  13,461  14,151  14,809  16,403  16,966  17,722  18,511  19,337  20,199  21,101  22,043 
26-30 
Years  12,930  13,980  14,331  15,065  15,765  17,465  18,064  18,869  19,710  20,590  21,509  22,469  23,474 
31-35 
Years  13,281  14,359  14,718  15,473  16,192  17,938  18,554  19,382  20,246  21,150  22,095  23,081  24,112 
36-40 
Years  15,989  17,285  17,714  18,622  19,490  21,595  22,338  23,336  24,379  25,469  26,608  27,798  29,042 
41-45 
Years  19,065  20,610  21,117  22,198  23,234  25,748  26,636  27,827  29,073  30,374  31,734  33,155  34,641 
46-50 
Years  23,630  25,541  26,166  27,504  28,791  31,911  33,012  34,491  36,036  37,652  39,340  41,104  42,947 
51-55 
Years  31,221  33,741  34,562  36,329  38,031  42,160  43,617  45,573  47,618  49,756  51,989  54,323  56,763 
56-60 
Years  42,255  45,663  46,768  49,158  51,463  57,059  59,032  61,684  64,454  67,351  70,377  73,539  76,845 
61-65 
Years  43,999  48,989  51,710  56,506  60,653  66,744  71,734  75,816  79,315  82,361  85,147  87,674  90,007 
66-70 
Years  60,134  66,874  70,697  77,177  82,944  91,174  97,978  1,03,550  1,08,346  1,12,558  1,16,381  1,19,815  1,22,990 
71-75 Years  76,594  85,212  90,072  98,302  1,05,689  1,16,122  1,21,349  1,26,809  1,32,515  1,38,478  1,44,710  1,51,223  1,56,622 
above 75 
Years
 
86,054  95,774  
1,00,752 
 
1,05,895  1,10,873  1,22,950  1,27,212  1,32,936  1,38,918  1,45,169  1,51,703  1,58,531  1,65,667 CIN: U66010PN2000PLC015329, UIN:BAJHLIP26073V082526 
3
Health Guard – Platinum Plan (Individual)
*A= Adult, **C= Child
Health Guard Platinum (Individual)
 Insured Age/
SI 5,00,000 7,50,000  10,00,000  15,00,000  20,00,000  25,00,000  30,00,000 35,00,000  40,00,000  45,00,000  50,00,000  75,00,000 1,00,00,000 
 3 months 
to 20 Years  9,234  9,709  10,156  11,244  11,627  12,142  12,681  13,243  13,832  14,446  15,088  18,761  23,339 
 21-25 
Years  15,054  15,826  16,563  18,348  18,978  19,824  20,709  21,635  22,600  23,610  24,664  30,120  32,194 
 26-30 
Years  16,028  16,849  17,633  19,537  20,208  21,110  22,051  23,037  24,067  25,142  26,267  32,695  35,531 
 31-35 
Years  16,462  17,307  18,112  20,066  20,758  21,684  22,652  23,664  24,722  25,827  26,982  33,588  37,966 
 36-40 
Years  19,818  20,833  21,805  24,163  24,994  26,112  27,281  28,501  29,778  31,110  32,504  40,040  42,745 
 41-45 
Years  23,629  24,839  25,999  28,814  29,809  31,143  32,538  33,995  35,518  37,110  38,774  47,615  50,862 
 46-50 
Years  29,284  30,781  32,222  35,717  36,950  38,607  40,337  42,147  44,037  46,012  48,077  59,885  67,094 
 51-55 
Years 
 
38,688  40,665  42,571  47,196  48,828  51,018  53,309  55,703  58,204  60,818  63,550  79,172  86,573 
 56-60 
Years  52,358  55,034  57,615  63,882  66,092  69,063  72,166  75,410  78,799  82,340  86,044  1,06,773  1,14,168 
 61-65 
Years  56,765  61,949  66,550  73,224  78,602  83,074  86,314  89,230  91,886  94,349  96,617  1,05,948  1,13,335 
 66-70 
Years  77,436  84,499  90,785  99,792  1,07,179  1,13,206  1,17,677  1,21,694  1,25,323  1,28,693  1,31,738  1,44,569  1,54,678 
 71-75 Years  98,431 1,07,503  1,15,538  1,26,943  1,35,887  1,42,003  1,48,393  1,54,807  1,59,408  1,63,685  1,67,638  1,83,967  1,96,798 
 above 75 
Years 1,10,614 1,18,579  1,24,154  1,37,681  1,42,454  1,48,865  1,55,565  1,62,566  1,69,884  1,77,531  1,85,523  2,06,712  2,21,162 
Health Guard – Silver Plan (Floater)
*A= Adult, **C= Child
1A* + 1C** 1A + 2C 1A + 3C
 Eldest Age/SI  1,50,000  2,00,000  Eldest Age/SI  1,50,000  2,00,000  Eldest Age/SI  1,50,000  2,00,000 
 Upto 20 Years  5,853  8,192  Upto 20 Years  7,519  10,524  Upto 20 Years  10,017  14,022 
 21-25 Years  8,177  11,467  21-25 Years  9,536  13,374  21-25 Years  11,596  16,242 
 26-30 Years  8,705  12,210  26-30 Years  10,152  14,240  26-30 Years  11,859  16,614 
 31-35 Years  8,940  12,542  31-35 Years  10,426  14,628  31-35 Years  11,977  16,780 
 36-40 Years  10,760  15,102  36-40 Years  12,550  17,614  36-40 Years  14,339  20,125 
 41-45 Years  12,827  18,010  41-45 Years  14,961  21,006  41-45 Years  17,095  24,003 
 46-50 Years  15,893  22,324  46-50 Years  18,538  26,040  46-50 Years  21,184  29,755 
 51-55 Years  20,992  29,500  51-55 Years  24,487  34,412  51-55 Years  27,982  39,323 
 56-60 Years  28,405  39,930  56-60 Years  33,135  46,580  56-60 Years  37,866  53,230 
 61-65 Years  37,435  42,703  61-65 Years  44,308  49,831  61-65 Years  50,674  56,894 
 66-70 Years  47,758  58,385  66-70 Years  54,631  68,105  66-70 Years  61,505  77,890 
 71-75 Years  53,067  74,455  71-75 Years  59,940  84,253  71-75 Years  66,813  93,895 
 above 75 
Years  55,298  77,751  above 75 
Years  62,171  87,394  above 75 
Years  69,045  97,036 
 CIN: U66010PN2000PLC015329, UIN:BAJHLIP26073V082526 
4
1A + 4C 2A 2A + 1C
 Eldest Age/SI  1,50,000  2,00,000  Eldest Age/SI  1,50,000  2,00,000  Eldest Age/SI  1,50,000  2,00,000 
 Upto 20 Years  12,516  17,520  Upto 20 Years  5,875  8,222  Upto 20 Years  7,542  10,554 
 21-25 Years  14,095  19,740  21-25 Years  9,559  13,404  21-25 Years  10,918  15,310 
 26-30 Years  14,359  20,112  26-30 Years  10,175  14,270  26-30 Years  11,621  16,300 
 31-35 Years  14,476  20,278  31-35 Years  10,449  14,658  31-35 Years  11,936  16,742 
 36-40 Years  16,129  22,637  36-40 Years  12,572  17,644  36-40 Years  14,362  20,155 
 41-45 Years  19,229  26,999  41-45 Years  14,984  21,036  41-45 Years  17,118  24,033 
 46-50 Years  23,829  33,471  46-50 Years  18,561  26,070  46-50 Years  21,207  29,785 
 51-55 Years  31,477  44,235  51-55 Years  24,510  34,442  51-55 Years  28,004  39,353 
 56-60 Years  42,596  59,881  56-60 Years  33,158  46,611  56-60 Years  37,889  53,260 
 61-65 Years  57,024  64,022  61-65 Years  44,388  49,831  61-65 Years  50,674  56,894 
 66-70 Years  68,378  87,610  66-70 Years  60,297  68,105  66-70 Years  68,904  77,890 
 71-75 Years  73,686  1,03,538  71-75 Years  68,120  86,832  71-75 Years  77,845  99,274 
 above 75 
Years  75,918  1,06,678  above 75 
Years  71,409  97,654  above 75 
Years  81,604  1,11,586 
 
2A + 2C 2A + 3C 2A + 4C
 Eldest Age/SI  1,50,000  2,00,000  Eldest Age/SI  1,50,000  2,00,000  Eldest Age/SI  1,50,000  2,00,000 
 Upto 20 Years  10,040  14,052  Upto 20 Years  12,539  17,550  Upto 20 Years  15,038  21,048 
 21-25 Years  13,198  18,494  21-25 Years  15,696  21,991  21-25 Years  18,195  25,489 
 26-30 Years  13,725  19,236  26-30 Years  16,224  22,734  26-30 Years  18,722  26,232 
 31-35 Years  13,960  19,567  31-35 Years  16,459  23,066  31-35 Years  18,958  26,564 
 36-40 Years  16,151  22,667  36-40 Years  18,279  25,625  36-40 Years  20,777  29,123 
 41-45 Years  19,252  27,029  41-45 Years  21,386  30,026  41-45 Years  23,520  33,023 
 46-50 Years  23,852  33,502  46-50 Years  26,497  37,217  46-50 Years  29,142  40,932 
 51-55 Years  31,499  44,265  51-55 Years  34,994  49,177  51-55 Years  38,489  54,089 
 56-60 Years  42,619  59,911  56-60 Years  47,349  66,560  56-60 Years  52,080  73,210 
 61-65 Years  57,024  64,022  61-65 Years  63,374  71,150  61-65 Years  69,725  78,278 
 66-70 Years  77,512  87,610  66-70 Years  86,119  97,330  66-70 Years  94,727  1,07,050 
 71-75 Years  87,570  1,11,650  71-75 Years  97,295  1,24,027  71-75 Years  1,07,020  1,36,469 
 above 75 
Years  91,798  1,25,518  above 75 
Years  1,01,993  1,39,514  above 75 
Years  1,12,188  1,53,446 CIN: U66010PN2000PLC015329, UIN:BAJHLIP26073V082526 
5
Health Guard – Gold Plan (Floater) 
*A= Adult, **C= Child
1A + 1C
 Eldest Age/SI 3,00,000 4,00,000  5,00,000  7,50,000  10,00,000  15,00,000  20,00,000 25,00,000  30,00,000  35,00,000  40,00,000  45,00,000  50,00,000 
 Upto 20 Years  10,379  11,216  11,494  12,090  12,649  14,009  14,488  15,132  15,805  16,508  17,243  18,011  18,814 
 21-25 Years  14,540  15,714  16,100  16,928  17,716  19,630  20,305  21,212  22,159  23,151  24,186  25,268  26,397 
 26-30 Years  15,483  16,732  17,143  18,024  18,863  20,903  21,623  22,588  23,598  24,654  25,757  26,909  28,115 
 31-35 Years  15,904  17,187  17,608  18,513  19,377  21,471  22,211  23,204  24,241  25,326  26,460  27,643  28,880 
 36-40 Years  19,155  20,699  21,203  22,293  23,333  25,860  26,752  27,948  29,201  30,508  31,875  33,304  34,797 
 41-45 Years  22,846  24,689  25,287  26,584  27,827  30,844  31,910  33,339  34,833  36,395  38,027  39,732  41,515 
 46-50 Years  28,324  30,606  31,346  32,951  34,495  38,238  39,560  41,335  43,189  45,129  47,154  49,271  51,483 
 51-55 Years  37,433  40,446  41,420  43,541  45,584  50,538  52,286  54,633  57,088  59,653  62,333  65,134  68,062 
 56-60 Years  50,674  54,753  56,068  58,936  61,701  68,416  70,784  73,967  77,291  80,767  84,399  88,193  92,161 
 61-65 Years  52,812  58,774  62,078  67,781  72,770  80,093  86,054  90,914  95,126  98,885  1,02,190  1,05,235  1,08,022 
 66-70 Years  72,187  80,287  84,823  92,599  99,533  1,09,447  1,17,547  1,24,222  1,29,941  1,35,043  1,39,644  1,43,791  1,47,550 
 71-75 Years  91,886 1,02,190  1,04,714  1,10,072  1,15,248  1,27,806  1,32,237  1,38,189  1,44,408  1,50,909  1,57,703  1,64,802  1,72,222 
 above 75 Years  98,666 1,06,589  1,09,123  1,14,707  1,20,100  1,33,189  1,37,807  1,44,009  1,50,492  1,57,266  1,64,347  1,71,745  1,79,478 
1A + 2C
 Eldest Age/SI 3,00,000 4,00,000  5,00,000  7,50,000  10,00,000  15,00,000  2,00,000 25,00,000  30,00,000  35,00,000  40,00,000  45,00,000  50,00,000 
 Upto 20 Years  13,330  14,403  14,757  15,523  16,242  17,990  18,606  19,434  20,299  21,203  22,148  23,136  24,167 
 21-25 Years  16,956  18,322  18,770  19,736  20,657  22,888  23,677  24,735  25,840  26,997  28,203  29,466  30,784 
 26-30 Years  18,057  19,511  19,988  21,016  21,995  24,375  25,214  26,340  27,518  28,751  30,037  31,382  32,788 
 31-35 Years  18,548  20,042  20,530  21,587  22,594  25,038  25,901  27,058  28,268  29,534  30,857  32,237  33,681 
 36-40 Years  22,340  24,139  24,724  25,996  27,210  30,157  31,197  32,594  34,055  35,581  37,176  38,842  40,583 
 41-45 Years  26,646  28,793  29,488  31,002  32,452  35,972  37,215  38,882  40,626  42,448  44,351  46,342  48,422 
 46-50 Years  33,037  35,697  36,557  38,431  40,231  44,600  46,142  48,211  50,376  52,637  55,000  57,470  60,050 
 51-55 Years  43,663  47,178  48,312  50,785  53,168  58,949  60,988  63,726  66,590  69,582  72,709  75,977  79,392 
 56-60 Years  59,112  63,868  65,400  68,746  71,972  79,807  82,569  86,282  90,161  94,216  98,453  1,02,880  1,07,508 
 61-65 Years  61,625  68,558  72,446  79,056  84,953  93,442  1,00,375  1,06,078  1,11,002  1,15,344  1,19,232  1,22,796  1,26,036 
 66-70 Years  84,175  93,636  98,950  1,08,086  1,16,122  1,27,656  1,36,049  1,42,168  1,48,563  1,55,248  1,62,233  1,67,702  1,72,174 
 71-75 Years 1,06,902 1,15,480  1,18,225  1,24,281  1,30,121  1,44,295  1,49,295  1,56,012  1,63,030  1,70,367  1,78,035  1,86,046  1,94,420 
 above 75 Years 1,10,888 1,19,788  1,22,635  1,28,916  1,34,974  1,49,678  1,54,865  1,61,832  1,69,114  1,76,724  1,84,678  1,92,989  2,01,676 
1A + 3C
 Eldest Age/SI 3,00,000 4,00,000  5,00,000  7,50,000  10,00,000  15,00,000  2,00,000 25,00,000  30,00,000  35,00,000  40,00,000  45,00,000  50,00,000 
 Upto 20 Years  17,760  19,184  19,651  20,671  21,630  23,961  24,783  25,887  27,040  28,245  29,506  30,822  32,198 
 21-25 Years  20,578  22,230  22,769  23,949  25,062  27,767  28,720  30,002  31,341  32,740  34,203  35,731  37,328 
 26-30 Years  21,049  22,739  23,290  24,497  25,636  28,404  29,379  30,690  32,060  33,492  34,989  36,553  38,187 
 31-35 Years  21,260  22,966  23,522  24,742  25,893  28,687  29,674  30,998  32,382  33,828  35,340  36,919  38,570 
 36-40 Years  25,525  27,579  28,245  29,699  31,087  34,454  35,643  37,239  38,909  40,652  42,475  44,379  46,371 
 41-45 Years  30,446  32,898  33,691  35,420  37,077  41,100  42,521  44,427  46,418  48,501  50,677  52,950  55,328 
 46-50 Years  37,750  40,787  41,769  43,910  45,968  50,960  52,722  55,089  57,561  60,146  62,847  65,668  68,619 
 51-55 Years  49,895  53,908  55,202  58,029  60,752  67,359  69,690  72,819  76,092  79,512  83,085  86,819  90,723 
 56-60 Years  67,550  72,984  74,732  78,556  82,244  91,196  94,353  98,598  1,03,030  1,07,664  1,12,506  1,17,566  1,22,855 
 61-65 Years  70,438  78,343  82,814  90,396  97,070  1,06,790  1,14,696  1,21,241  1,26,878  1,31,803  1,36,274  1,40,292  1,44,050 
 66-70 Years  96,228 1,07,050  1,13,141  1,23,509  1,32,710  1,45,930  1,53,107  1,59,990  1,67,185  1,74,706  1,82,564  1,90,775  1,96,798 
 71-75 Years 1,19,124 1,28,679  1,31,736  1,38,491  1,44,995  1,60,783  1,66,354  1,73,834  1,81,652  1,89,825  1,98,366  2,07,289  2,16,617 
 above 75 Years 1,23,110 1,32,986  1,36,146  1,43,125  1,49,848  1,66,167  1,71,924  1,79,655  1,87,735  1,96,182  2,05,009  2,14,232  2,23,873 CIN: U66010PN2000PLC015329, UIN:BAJHLIP26073V082526 
6
1A + 4C
 Eldest Age/SI 3,00,000 4,00,000  5,00,000  7,50,000  10,00,000  15,00,000  20,00,000 25,00,000  30,00,000  35,00,000  40,00,000  45,00,000  50,00,000 
 Upto 20 Years  22,188  23,965  24,544  25,821  27,019  29,932  30,959  32,340  33,781  35,288  36,863  38,508  40,229 
 21-25 Years  25,006  27,011  27,662  29,097  30,452  33,738  34,897  36,455  38,082  39,783  41,559  43,418  45,359 
 26-30 Years  25,478  27,521  28,184  29,646  31,025  34,375  35,556  37,143  38,801  40,535  42,346  44,239  46,218 
 31-35 Years  25,689  27,747  28,417  29,891  31,281  34,658  35,851  37,451  39,123  40,870  42,697  44,605  46,601 
 36-40 Years  28,710  31,019  31,767  33,401  34,963  38,751  40,089  41,886  43,763  45,725  47,776  49,918  52,158 
 41-45 Years  34,246  37,002  37,892  39,838  41,702  46,228  47,826  49,971  52,212  54,554  57,001  59,560  62,235 
 46-50 Years  42,463  45,878  46,980  49,389  51,704  57,321  59,304  61,965  64,747  67,654  70,694  73,868  77,187 
 51-55 Years  56,125  60,640  62,094  65,273  68,337  75,770  78,392  81,913  85,594  89,441  93,461  97,662  1,02,054 
 56-60 Years  75,988  82,099  84,064  88,367  92,515  1,02,587  1,06,138  1,10,913  1,15,899  1,21,113  1,26,560  1,32,252  1,38,202 
 61-65 Years  79,250  88,128  93,118  1,01,671  1,09,188  1,20,204  1,29,082  1,36,404  1,42,754  1,48,327  1,53,317  1,57,853  1,62,000 
 66-70 Years 1,08,216 1,20,398  1,27,267  1,38,931  1,48,326  1,64,138  1,70,165  1,77,813  1,85,807  1,94,164  2,02,896  2,12,019  2,21,357 
 71-75 Years 1,31,345 1,41,877  1,45,248  1,52,700  1,59,869  1,77,272  1,83,412  1,91,657  2,00,274  2,09,283  2,18,697  2,28,532  2,38,815 
 above 75 Years 1,35,331 1,46,184  1,49,657  1,57,334  1,64,722  1,82,656  1,88,982  1,97,477  2,06,357  2,15,641  2,25,340  2,35,475  2,46,071 
Health Guard – Gold Plan (Floater)
2A
Eldest Age/SI 3,00,000 4,00,000  5,00,000  7,50,000  10,00,000  15,00,000  20,00,000 25,00,000  30,00,000  35,00,000  40,00,000  45,00,000  50,00,000 
Upto 20 Years  10,424  11,276  11,570  12,165  12,725  14,084  14,564  15,207  15,880  16,583  17,319  18,087  18,889 
21-25 Years  17,001  18,383  18,846  19,812  20,733  22,964  23,752  24,811  25,916  27,072  28,279  29,541  30,860 
26-30 Years  18,102  19,572  20,063  21,091  22,071  24,450  25,289  26,416  27,594  28,826  30,113  31,457  32,863 
31-35 Years  18,593  20,102  20,605  21,663  22,669  25,113  25,976  27,134  28,344  29,609  30,932  32,313  33,756 
36-40 Years  22,385  24,200  24,800  26,071  27,285  30,232  31,272  32,670  34,130  35,656  37,251  38,918  40,659 
41-45 Years  26,691  28,853  29,564  31,078  32,527  36,047  37,290  38,958  40,702  42,524  44,427  46,417  48,497 
46-50 Years  33,083  35,758  36,633  38,506  40,307  44,675  46,218  48,287  50,451  52,713  55,076  57,546  60,126 
51-55 Years  43,709  47,238  48,387  50,860  53,244  59,024  61,063  63,802  66,665  69,658  72,784  76,053  79,467 
56-60 Years  59,157  63,928  65,476  68,822  72,048  79,882  82,645  86,358  90,236  94,292  98,528  1,02,955  1,07,583 
61-65 Years  61,625  68,558  72,446  79,056  84,953  93,442  1,00,375  1,06,078  1,11,002  1,15,344  1,19,232  1,22,796  1,26,036 
66-70 Years  84,175  93,636  98,950  1,08,086  1,16,122  1,27,656  1,37,117  1,44,958  1,51,632  1,57,594  1,62,907  1,67,702  1,72,174 
71-75 Years 1,07,179 1,19,232  1,26,036  1,37,635  1,47,938  1,62,583  1,69,888  1,77,533  1,85,521  1,93,869  2,02,594  2,11,711  2,19,283 
above 75 Years 1,20,463 1,34,071  1,41,053  1,48,253  1,55,222  1,72,130  1,78,097  1,86,111  1,94,485  2,03,237  2,12,384  2,21,943  2,31,933 
2A + 1C
Eldest Age/SI 3,00,000 4,00,000  5,00,000  7,50,000  10,00,000  15,00,000  20,00,000 25,00,000  30,00,000  35,00,000  40,00,000  45,00,000  50,00,000 
Upto 20 Years  13,376  14,463  14,833  15,598  16,318  18,065  18,682  19,509  20,374  21,278  22,223  23,211  24,243 
21-25 Years  19,416  20,992  21,516  22,621  23,673  26,223  27,123  28,333  29,596  30,918  32,297  33,740  35,247 
26-30 Years  20,674  22,350  22,907  24,082  25,202  27,922  28,881  30,169  31,514  32,923  34,394  35,929  37,536 
31-35 Years  21,236  22,956  23,528  24,735  25,887  28,678  29,665  30,990  32,372  33,818  35,330  36,908  38,558 
36-40 Years  25,570  27,639  28,321  29,775  31,162  34,530  35,719  37,315  38,985  40,728  42,551  44,455  46,446 
41-45 Years 30,492 32,958  33,766  35,495  37,153  41,176  42,596  44,502 46,494 48,576  50,752  53,026  55,404 
46-50 Years  37,796  40,848  41,845  43,985  46,044  51,035  52,798  55,164  57,636  60,222  62,923  65,744  68,694 
51-55 Years  49,940  53,969  55,278  58,105  60,828  67,434  69,766  72,895  76,168  79,587  83,161  86,895  90,799 
56-60 Years  67,595  73,045  74,807  78,632  82,320  91,272  94,429  98,673  1,03,105  1,07,740  1,12,581  1,17,641  1,22,931 
61-65 Years  70,438  78,343  82,814  90,396  97,070  1,06,790  1,14,696  1,21,241  1,26,878  1,31,803  1,36,274  1,40,292  1,44,050 
66-70 Years  96,228 1,07,050  1,13,141  1,23,509  1,32,710  1,45,930  1,56,751  1,65,629  1,73,340  1,80,079  1,86,170  1,91,678  1,96,798 
71-75 Years 1,22,537 1,36,274  1,44,050  1,57,334  1,69,063  1,85,846  1,94,136  2,02,874  2,12,002  2,21,543  2,31,515  2,41,935  2,50,582 
above 75 Years 1,37,700 1,53,187  1,61,181  1,69,411  1,77,375  1,96,699  2,03,517  2,12,676  2,22,248  2,32,250  2,42,704  2,53,628  2,65,045 CIN: U66010PN2000PLC015329, UIN:BAJHLIP26073V082526 
7
2A + 2C
Eldest Age/SI 3,00,000 4,00,000  5,00,000  7,50,000  10,00,000  15,00,000  20,00,000 25,00,000  30,00,000  35,00,000  40,00,000  45,00,000  50,00,000 
Upto 20 Years  17,805  19,245  19,726  20,747  21,706  24,036  24,858  25,962  27,116  28,321  29,581  30,898  32,274 
21-25 Years  23,442  25,336  25,962  27,301  28,570  31,648  32,734  34,193  35,718  37,312  38,975  40,716  42,535 
26-30 Years  24,385  26,354  27,005  28,398  29,717  32,922  34,052  35,570  37,156  38,815  40,548  42,358  44,252 
31-35 Years  24,807  26,810  27,471  28,888  30,230  33,490  34,640  36,185  37,799  39,486  41,250  43,092  45,018 
36-40 Years  28,755  31,079  31,843  33,477  35,038  38,827  40,164  41,961  43,838  45,801  47,852  49,993  52,233 
41-45 Years  34,291  37,062  37,967  39,914  41,778  46,304  47,901  50,046  52,287  54,630  57,077  59,635  62,311 
46-50 Years  42,509  45,939  47,056  49,465  51,780  57,397  59,379  62,041  64,823  67,730  70,769  73,943  77,262 
51-55 Years  56,171  60,700  62,169  65,349  68,413  75,845  78,467  81,988  85,670  89,517  93,537  97,738  1,02,129 
56-60 Years  76,033  82,160  84,140  88,442  92,591  1,02,663  1,06,214  1,10,988  1,15,975  1,21,189  1,26,635  1,32,328  1,38,278 
61-65 Years  79,250  88,128  93,118  1,01,671  1,09,188  1,20,204  1,29,082  1,36,404  1,42,754  1,48,327  1,53,317  1,57,853  1,62,000 
66-70 Years 1,08,216 1,20,398  1,27,267  1,38,931  1,49,299  1,64,138  1,76,321  1,86,365  1,94,983  2,02,630  2,09,434  2,15,654  2,21,357 
71-75 Years 1,37,830 1,53,317  1,62,065  1,76,969  1,90,188  2,09,045  2,18,385  2,28,214  2,38,483  2,49,216  2,60,436  2,72,158  2,81,945 
above 75 Years 1,54,937 1,72,368  1,81,310  1,90,568  1,99,528  2,21,267  2,28,938  2,39,242  2,50,009  2,61,262  2,73,023  2,85,312  2,98,157 
2A + 3C
Eldest Age/SI 3,00,000 4,00,000  5,00,000  7,50,000  10,00,000  15,00,000  20,00,000 25,00,000  30,00,000  35,00,000  40,00,000  45,00,000  50,00,000 
Upto 20 Years  22,233  24,026  24,620  25,896  27,095  30,008  31,035  32,415  33,857  35,364  36,938  38,584  40,305 
21-25 Years  27,870  30,117  30,856  32,450  33,958  37,620  38,910  40,646  42,458  44,353  46,333  48,402  50,565 
26-30 Years  28,814  31,135  31,899  33,547  35,105  38,893  40,229  42,023  43,897  45,857  47,904  50,045  52,282 
31-35 Years  29,236  31,590  32,364  34,036  35,618  39,461  40,818  42,638  44,540  46,529  48,608  50,778  53,049 
36-40 Years  32,485  35,102  35,960  37,815  39,576  43,849  45,357  47,383  49,500  51,711  54,024  56,439  58,965 
41-45 Years  38,092  41,167  42,170  44,332  46,403  51,432  53,207  55,590  58,080  60,683  63,402  66,245  69,217 
46-50 Years  47,222  51,030  52,268  54,944  57,516  63,757  65,960  68,917  72,008  75,239  78,615  82,143  85,830 
51-55 Years  62,402  67,431  69,060  72,593  75,997  84,255  87,169  91,081  95,172  99,446  1,03,913  1,08,581  1,13,460 
56-60 Years  84,471  91,275  93,472  98,252  1,02,861  1,14,052  1,17,999  1,23,304  1,28,844  1,34,637  1,40,689  1,47,014  1,53,626 
61-65 Years  88,063  97,913  1,03,486  1,12,946  1,21,306  1,33,553  1,43,402  1,51,567  1,58,566  1,64,786  1,70,359  1,75,414  1,80,014 
66-70 Years 1,20,269 1,33,747  1,41,394  1,54,354  1,65,888  1,82,412  1,95,890  2,07,101  2,16,691  2,25,115  2,32,697  2,39,630  2,45,981 
71-75 Years 1,53,122 1,70,359  1,80,079  1,96,668  2,11,378  2,32,308  2,42,633  2,53,554  2,64,965  2,76,890  2,89,356  3,02,381  3,13,243 
above 75 Years 1,72,109 1,91,484  2,01,439  2,11,725  2,21,681  2,45,836  2,54,359  2,65,807  2,77,772  2,90,274  3,03,342  3,16,997  3,31,268 
Health Guard – Gold Plan (Floater)
2A + 4C
Eldest Age/SI 3,00,000 4,00,000  5,00,000  7,50,000  10,00,000  15,00,000  20,00,000 25,00,000  30,00,000  35,00,000  40,00,000  45,00,000  50,00,000 
Upto 20 Years  26,661  28,807  29,513  31,046  32,484  35,979  37,211  38,868  40,598  42,406  44,295  46,270  48,335 
21-25 Years  32,298  34,898  35,750  37,599  39,348  43,591  45,088  47,099  49,199  51,396  53,690  56,089  58,595 
26-30 Years  33,242  35,916  36,793  38,695  40,495  44,864  46,405  48,475  50,638  52,899  55,263  57,731  60,313 
31-35 Years  33,664  36,371  37,258  39,186  41,008  45,432  46,994  49,090  51,281  53,571  55,965  58,465  61,078 
36-40 Years  36,914  39,883  40,853  42,965  44,965  49,820  51,533  53,836  56,241  58,754  61,381  64,126  66,995 
41-45 Years  41,892  45,273  46,372  48,750  51,029  56,560  58,513  61,133  63,873  66,736  69,728  72,855  76,124 
46-50 Years  51,935  56,121  57,480  60,423  63,253  70,117  72,540  75,793  79,193  82,749  86,462  90,342  94,397 
51-55 Years  68,634  74,161  75,950  79,838  83,582  92,665  95,871  1,00,173  1,04,674  1,09,376  1,14,290  1,19,424  1,24,792 
56-60 Years  92,909 1,00,390  1,02,804  1,08,062  1,13,132  1,25,442  1,29,784  1,35,619  1,41,713  1,48,085  1,54,743  1,61,700  1,68,974 
61-65 Years  96,876 1,07,698  1,13,854  1,24,222  1,33,423  1,46,902  1,57,723  1,66,730  1,74,442  1,81,246  1,87,337  1,92,910  1,98,029 
66-70 Years 1,32,257 1,47,161  1,55,520  1,69,776  1,82,477  2,00,621  2,15,525  2,27,772  2,38,334  2,47,601  2,55,960  2,63,542  2,70,540 
71-75 Years 1,68,415 1,87,402  1,98,094  2,16,302  2,32,502  2,55,506  2,66,881  2,78,894  2,91,447  3,04,564  3,18,276  3,32,603  3,44,542 
above 75 Years 1,89,346 2,10,665  2,21,568  2,32,883  2,43,834  2,70,405  2,79,780  2,92,373  3,05,534  3,19,286  3,33,661  3,48,682  3,64,380 CIN: U66010PN2000PLC015329, UIN:BAJHLIP26073V082526 
8
1A + 1C
 Eldest Age/SI 5,00,000 7,50,000  10,00,000  15,00,000  20,00,000  25,00,000  30,00,000 35,00,000  40,00,000  45,00,000  50,00,000  75,00,000 1,00,00,000 
 Upto 20 Years  12,852  13,517  14,144  15,665  16,202  16,924  17,679  18,465  19,289  20,148  21,047  26,189  32,599 
 21-25 Years  18,011  18,938  19,821  21,964  22,719  23,735  24,797  25,907  27,066  28,278  29,542  36,433  38,868 
 26-30 Years  19,180  20,165  21,105  23,391  24,195  25,277  26,408  27,591  28,826  30,117  31,466  39,180  42,565 
 31-35 Years  19,701  20,714  21,680  24,026  24,855  25,968  27,129  28,342  29,613  30,939  32,324  40,252  45,541 
 36-40 Years  23,728  24,946  26,112  28,942  29,940  31,281  32,683  34,147  35,679  37,278  38,950  47,976  51,312 
 41-45 Years  28,301  29,753  31,145  34,523  35,717  37,317  38,992  40,740  42,567  44,478  46,475  57,174  61,052 
 46-50 Years  35,087  36,883  38,612  42,806  44,286  46,274  48,351  50,522  52,790  55,161  57,639  71,808  80,441 
 51-55 Years  46,371  48,745  51,032  56,581  58,539  61,168  63,917  66,789  69,792  72,928  76,207  94,951  1,03,887 
 56-60 Years  62,776  65,986  69,083  76,604  79,256  82,821  86,545  90,438  94,504  98,754  1,03,198  1,28,146  1,37,074 
 61-65 Years  68,170  74,390  79,898  87,869  94,349  99,662  1,03,550  1,07,114  1,10,290  1,13,206  1,15,927  1,27,138  1,36,015 
 66-70 Years  92,923 1,01,412  1,08,929  1,19,750  1,28,563  1,35,886  1,41,264  1,46,059  1,50,401  1,54,418  1,58,112  1,73,470  1,85,587 
 71-75 Years 1,17,263 1,23,261  1,29,057  1,43,123  1,48,085  1,54,752  1,61,717  1,68,999  1,76,607  1,84,559  1,92,869  2,20,709  2,36,196 
 above 75 Years 1,22,201 1,28,451  1,34,492  1,49,152  1,54,324  1,61,271  1,68,531  1,76,118  1,84,048  1,92,335  2,00,995  2,48,054  2,65,421 
Health Guard – Platinum Plan (Floater)
*A= Adult, **C= Child
1A + 2C
 Eldest Age/SI 5,00,000 7,50,000  10,00,000  15,00,000  20,00,000  25,00,000  30,00,000 35,00,000  40,00,000  45,00,000  50,00,000  75,00,000 1,00,00,000 
 Upto 20 Years  16,502  17,358  18,162  20,120  20,811  21,737  22,708  23,719  24,778  25,884  27,039  33,651  41,891 
 21-25 Years  21,001  22,082  23,112  25,612  26,493  27,678  28,917  30,213  31,564  32,978  34,454  42,902  47,435 
 26-30 Years  22,364  23,513  24,611  27,276  28,215  29,478  30,796  32,176  33,618  35,124  36,697  45,697  49,689 
 31-35 Years  22,972  24,154  25,281  28,017  28,985  30,282  31,638  33,053  34,535  36,083  37,698  46,948  53,116 
 36-40 Years  27,670  29,091  30,452  33,752  34,916  36,481  38,118  39,826  41,613  43,479  45,429  56,002  59,880 
 41-45 Years  33,006  34,699  36,323  40,265  41,657  43,524  45,478  47,518  49,650  51,878  54,208  66,643  71,242 
 46-50 Years  40,922  43,017  45,035  49,927  51,654  53,974  56,397  58,930  61,576  64,342  67,232  83,764  93,877 
 51-55 Years  54,087  56,856  59,524  65,999  68,283  71,350  74,557  77,909  81,410  85,069  88,895  1,10,765  1,21,202 
 56-60 Years  73,226  76,972  80,585  89,359  92,452  96,612  1,00,956  1,05,499  1,10,243  1,15,200  1,20,385  1,49,428  1,59,889 
 61-65 Years  79,510  86,767  93,182  1,02,514  1,10,030  1,16,251  1,20,852  1,24,934  1,28,693  1,32,062  1,35,238  1,48,392  1,58,695 
 66-70 Years 1,08,410 1,18,325  1,27,138  1,39,709  1,50,012  1,58,501  1,64,786  1,70,359  1,75,478  1,80,144  1,84,486  2,02,370  2,16,497 
 71-75 Years 1,32,387 1,39,165  1,45,706  1,61,581  1,67,180  1,74,703  1,82,563  1,90,782  1,99,368  2,08,342  2,17,719  2,57,515  2,75,530 
 above 75 Years 1,37,325 1,44,355  1,51,141  1,67,609  1,73,419  1,81,222  1,89,377  1,97,901  2,06,809  2,16,118  2,25,846  2,81,471  3,09,614 
1A + 3C
 Eldest Age/SI  5,00,000  7,50,000  10,00,000  15,00,000  20,00,000  25,00,000  30,00,000 35,00,000  40,00,000  45,00,000  50,00,000  75,00,000 1,00,00,000 
 Upto 20 Years  21,978  23,118  24,192  26,801  27,721  28,958  30,252  31,600  33,012  34,487  36,027  44,842  55,830 
 21-25 Years  25,470  26,788  28,036  31,064  32,132  33,567  35,069  36,635  38,273  39,985  41,772  52,004  61,413 
 26-30 Years  26,055  27,403  28,677  31,778  32,870  34,339  35,873  37,476  39,153  40,905  42,735  53,203  63,397 
 31-35 Years  26,315  27,677  28,965  32,095  33,200  34,683  36,234  37,852  39,546  41,315  43,163  53,739  64,930 
 36-40 Years  31,612  33,236  34,791  38,564  39,894  41,683  43,552  45,505  47,547  49,680  51,909  64,028  68,356 
 41-45 Years  37,709  39,645  41,501  46,006  47,598  49,732  51,964  54,295  56,731  59,279  61,941  76,202  81,433 
 46-50 Years  46,758  49,153  51,458  57,050  59,023  61,673  64,441  67,338  70,362  73,522  76,827  95,718  1,07,314 
 51-55 Years  61,803  64,967  68,017  75,416  78,028  81,531  85,197  89,028  93,030  97,212  1,01,584  1,26,577  1,38,607 
 56-60 Years  83,676  87,956  92,086  1,02,114  1,05,650  1,10,403  1,15,368  1,20,558  1,25,981  1,31,648  1,37,573  1,70,801  1,82,705 
 61-65 Years  90,850  99,144  1,06,531  1,17,158  1,25,777  1,32,905  1,38,089  1,42,819  1,47,031  1,50,984  1,54,548  1,69,582  1,81,375 
 66-70 Years  1,23,833  1,35,173  1,45,282  1,59,667  1,71,438  1,79,150  1,87,206  1,94,724  2,00,491  2,05,870  2,10,794  2,31,271  2,47,471 
 71-75 Years  1,47,511  1,55,069  1,62,355  1,80,038  1,86,274  1,94,655  2,03,410  2,12,565  2,22,129  2,32,124  2,42,570  2,94,322  3,14,928 
 above 75 Years  1,52,449  1,60,259  1,67,790  1,86,067  1,92,514  2,01,174  2,10,223  2,19,684  2,29,570  2,39,900  2,50,697  3,12,428  3,53,873 CIN: U66010PN2000PLC015329, UIN:BAJHLIP26073V082526 
9
Health Guard – Platinum Plan (Floater)
1A + 4C
 Eldest Age/SI 5,00,000 7,50,000  10,00,000  15,00,000  20,00,000  25,00,000  30,00,000 35,00,000  40,00,000  45,00,000  50,00,000  75,00,000 1,00,00,000 
 Upto 20 Years  27,454  28,879  30,221  33,483  34,633  36,179  37,796  39,480  41,246  43,090  45,014  56,034  69,768 
 21-25 Years  30,945  32,549  34,064  37,746  39,044  40,788  42,612  44,515  46,507  48,588  50,760  63,196  75,481 
 26-30 Years  31,531  33,164  34,707  38,459  39,782  41,559  43,418  45,357  47,387  49,507  51,722  64,394  77,465 
 31-35 Years  31,791  33,438  34,994  38,776  40,111  41,904  43,778  45,733  47,780  49,919  52,151  64,930  78,908 
 36-40 Years  35,554  37,381  39,131  43,374  44,871  46,883  48,987  51,183  53,482  55,880  58,388  72,725  81,793 
 41-45 Years  42,414  44,591  46,679  51,747  53,538  55,939  58,450  61,073  63,814  66,679  69,675  85,761  91,623 
 46-50 Years  52,593  55,287  57,880  64,171  66,391  69,374  72,487  75,746  79,148  82,703  86,421  1,07,674  1,20,751 
 51-55 Years  69,520  73,078  76,509  84,834  87,772  91,714  95,837  1,00,147  1,04,649  1,09,353  1,14,272  1,42,390  1,55,921 
 56-60 Years  94,126  98,942  1,03,588  1,14,869  1,18,846  1,24,195  1,29,779  1,35,619  1,41,720  1,48,094  1,54,760  1,92,174  2,05,520 
 61-65 Years 1,02,254 1,11,586  1,19,815  1,31,803  1,41,458  1,49,494  1,55,390  1,60,639  1,65,434  1,69,841  1,73,923  1,90,771  2,04,055 
 66-70 Years 1,39,320 1,52,086  1,63,426  1,79,626  1,90,533  1,99,101  2,08,052  2,17,414  2,25,569  2,31,595  2,37,168  2,60,237  2,78,381 
 71-75 Years 1,62,635 1,70,973  1,79,004  1,98,496  2,05,369  2,14,606  2,24,256  2,34,348  2,44,890  2,55,907  2,67,421  3,31,128  3,54,262 
 above 75 Years 1,67,574 1,76,163  1,84,439  2,04,525  2,11,608  2,21,126  2,31,070  2,41,467  2,52,330  2,63,683  2,75,548  3,43,386  3,98,066 
2A
 Eldest Age/SI 5,00,000 7,50,000  10,00,000  15,00,000  20,00,000  25,00,000  30,00,000 35,00,000  40,00,000  45,00,000  50,00,000  75,00,000 1,00,00,000 
 Upto 20 Years  12,928  13,593  14,219  15,741  16,278  16,999  17,754  18,540  19,364  20,224  21,123  26,265  32,674 
 21-25 Years  21,076  22,157  23,188  25,688  26,569  27,754  28,993  30,289  31,640  33,053  34,530  42,114  45,000 
 26-30 Years  22,439  23,588  24,687  27,352  28,291  29,553  30,872  32,252  33,694  35,199  36,773  45,773  49,689 
 31-35 Years  23,047  24,230  25,356  28,093  29,061  30,358  31,713  33,129  34,611  36,158  37,774  47,023  53,116 
 36-40 Years  27,745  29,166  30,527  33,828  34,992  36,557  38,193  39,902  41,689  43,554  45,505  56,002  59,880 
 41-45 Years  33,081  34,775  36,398  40,340  41,732  43,600  45,553  47,593  49,725  51,953  54,284  66,643  71,242 
 46-50 Years  40,998  43,093  45,111  50,003  51,730  54,050  56,472  59,006  61,652  64,418  67,308  83,839  93,877 
 51-55 Years  54,163  56,931  59,600  66,074  68,359  71,426  74,632  77,985  81,486  85,145  88,970  1,10,840  1,21,202 
 56-60 Years  73,302  77,047  80,661  89,435  92,528  96,688  1,01,032  1,05,574  1,10,319  1,15,276  1,20,461  1,49,428  1,59,889 
 61-65 Years  79,510  86,767  93,182  1,02,514  1,10,030  1,16,251  1,20,852  1,24,934  1,28,693  1,32,062  1,35,238  1,48,392  1,58,695 
 66-70 Years 1,08,410 1,18,325  1,27,138  1,39,709  1,50,012  1,58,501  1,64,786  1,70,359  1,75,478  1,80,144  1,84,486  2,02,370  2,16,497 
 71-75 Years 1,37,830 1,50,466  1,61,741  1,77,682  1,90,241  1,98,804  2,07,750  2,16,756  2,23,171  2,29,133  2,34,641  2,57,515  2,75,530 
 above 75 Years 1,54,872 1,66,010  1,73,815  1,92,753  1,99,436  2,08,411  2,17,792  2,27,593  2,37,838  2,48,544  2,59,732  2,89,397  3,09,614 
2A + 1C
 Eldest Age/SI 5,00,000 7,50,000  10,00,000  15,00,000  20,00,000  25,00,000  30,00,000 35,00,000  40,00,000  45,00,000  50,00,000  75,00,000 1,00,00,000 
 Upto 20 Years  16,578  17,433  18,238  20,196  20,886  21,813  22,784  23,795  24,854  25,960  27,114  33,726  41,967 
 21-25 Years  24,065  25,300  26,479  29,335  30,343  31,698  33,113  34,593  36,139  37,755  39,441  49,095  52,665 
 26-30 Years  25,624  26,937  28,191  31,238  32,311  33,754  35,261  36,839  38,485  40,206  42,006  52,290  56,813 
 31-35 Years  26,319  27,670  28,957  32,085  33,191  34,673  36,221  37,841  39,534  41,301  43,149  53,719  60,691 
 36-40 Years  31,687  33,312  34,867  38,639  39,970  41,758  43,628  45,580  47,623  49,756  51,985  64,028  68,356 
 41-45 Years  37,785  39,720  41,577  46,081  47,673  49,807  52,040  54,370  56,807  59,355  62,017  76,202  81,433 
 46-50 Years  46,833  49,229  51,533  57,126  59,099  61,749  64,517  67,414  70,438  73,598  76,902  95,794  1,07,314 
 51-55 Years  61,879  65,043  68,093  75,492  78,103  81,607  85,272  89,103  93,106  97,287  1,01,659  1,26,653  1,38,607 
 56-60 Years  83,752  88,032  92,162  1,02,190  1,05,726  1,10,479  1,15,443  1,20,634  1,26,057  1,31,723  1,37,648  1,70,801  1,82,705 
 61-65 Years  90,850  99,144  1,06,531  1,17,158  1,25,777  1,32,905  1,38,089  1,42,819  1,47,031  1,50,984  1,54,548  1,69,582  1,81,375 
 66-70 Years 1,23,833 1,35,173  1,45,282  1,59,667  1,71,461  1,81,181  1,88,309  1,94,724  2,00,491  2,05,870  2,10,794  2,31,271  2,47,471 
 71-75 Years 1,57,529 1,71,979  1,84,874  2,03,083  2,17,398  2,27,182  2,37,408  2,47,666  2,55,118  2,61,922  2,68,207  2,94,322  3,14,928 
 above 75 Years 1,76,969 1,89,704  1,98,624  2,20,267  2,27,905  2,38,163  2,48,883  2,60,083  2,71,793  2,84,029  2,96,816  3,30,739  3,53,873 CIN: U66010PN2000PLC015329, UIN:BAJHLIP26073V082526 
10
2A + 2C
 Eldest Age/SI 5,00,000 7,50,000  10,00,000  15,00,000  20,00,000  25,00,000  30,00,000 35,00,000  40,00,000  45,00,000  50,00,000  75,00,000 1,00,00,000 
 Upto 20 Years  22,054  23,194  24,268  26,877  27,797  29,034  30,327  31,675  33,088  34,562  36,102  44,917  55,905 
 21-25 Years  29,038  30,535  31,955  35,402  36,618  38,253  39,960  41,745  43,610  45,559  47,593  59,242  66,733 
 26-30 Years  30,207  31,762  33,239  36,829  38,094  39,795  41,571  43,429  45,370  47,398  49,517  61,639  70,701 
 31-35 Years  30,728  32,311  33,814  37,464  38,754  40,484  42,292  44,181  46,157  48,220  50,376  62,710  73,587 
 36-40 Years  35,629  37,457  39,206  43,449  44,946  46,958  49,062  51,259  53,557  55,956  58,464  72,801  79,358 
 41-45 Years  42,489  44,667  46,754  51,823  53,613  56,014  58,525  61,149  63,890  66,755  69,751  85,761  91,623 
 46-50 Years  52,668  55,363  57,956  64,247  66,466  69,449  72,563  75,821  79,223  82,779  86,496  1,07,749  1,20,751 
 51-55 Years  69,595  73,154  76,585  84,910  87,847  91,789  95,913  1,00,223  1,04,724  1,09,429  1,14,347  1,42,466  1,55,921 
 56-60 Years  94,202  99,018  1,03,664  1,14,944  1,18,922  1,24,270  1,29,855  1,35,694  1,41,795  1,48,170  1,54,835  1,92,174  2,05,520 
 61-65 Years 1,02,254 1,11,586  1,19,815  1,31,803  1,41,458  1,49,494  1,55,390  1,60,639  1,65,434  1,69,841  1,73,923  1,90,771  2,04,055 
 66-70 Years 1,39,320 1,52,086  1,63,426  1,79,626  1,92,910  2,03,796  2,11,831  2,19,024  2,25,569  2,31,595  2,37,168  2,60,237  2,78,381 
 71-75 Years 1,77,228 1,93,493  2,07,943  2,28,485  2,44,553  2,55,561  2,67,065  2,78,640  2,86,999  2,94,646  3,01,709  3,31,128  3,54,262 
 above 75 
Years 1,99,066 2,13,398  2,23,434  2,47,782  2,56,375  2,67,913  2,79,975  2,92,575  3,05,748  3,19,514  3,33,899  3,72,082  3,98,066 
Health Guard – Platinum Plan (Floater)
2A + 3C
 Eldest Age/SI 5,00,000 7,50,000  10,00,000  15,00,000  20,00,000  25,00,000  30,00,000 35,00,000  40,00,000  45,00,000  50,00,000  75,00,000 1,00,00,000 
 Upto 20 Years  27,529  28,955  30,296  33,559  34,709  36,255  37,871  39,556  41,322  43,165  45,090  56,109  69,844 
 21-25 Years  34,514  36,296  37,984  42,084  43,529  45,473  47,505  49,626  51,844  54,162  56,581  70,434  80,711 
 26-30 Years  35,682  37,522  39,269  43,511  45,006  47,016  49,115  51,310  53,604  56,001  58,505  72,830  84,769 
 31-35 Years  36,204  38,072  39,842  44,146  45,666  47,705  49,836  52,061  54,391  56,823  59,363  73,902  87,655 
 36-40 Years  40,230  42,304  44,275  49,061  50,749  53,018  55,391  57,866  60,457  63,163  65,989  82,159  93,426 
 41-45 Years  47,194  49,613  51,933  57,564  59,553  62,221  65,012  67,926  70,971  74,155  77,484  96,509  1,03,256 
 46-50 Years  58,504  61,497  64,379  71,369  73,835  77,149  80,609  84,229  88,009  91,960  96,090  1,19,705  1,34,098 
 51-55 Years  77,311  81,266  85,078  94,327  97,591  1,01,971  1,06,553  1,11,342  1,16,344  1,21,571  1,27,036  1,58,278  1,73,236 
 56-60 Years 1,04,652 1,10,002  1,15,165  1,27,699  1,32,119  1,38,061  1,44,266  1,50,755  1,57,533  1,64,616  1,72,022  2,13,546  2,28,426 
 61-65 Years 1,13,594 1,23,962  1,33,099  1,46,448  1,57,205  1,66,082  1,72,627  1,78,459  1,83,838  1,88,698  1,93,234  2,11,961  2,26,735 
 66-70 Years 1,54,807 1,68,998  1,81,570  1,99,584  2,14,294  2,26,476  2,35,418  2,43,389  2,50,646  2,57,321  2,63,477  2,89,138  3,09,290 
 71-75 Years 1,96,927 2,15,006  2,31,077  2,53,822  2,71,709  2,83,941  2,96,721  3,09,614  3,18,881  3,27,370  3,35,210  3,67,870  3,93,595 
 above 75 
Years 2,21,227 2,37,092  2,48,242  2,75,296  2,84,844  2,97,665  3,11,066  3,25,067  3,39,703  3,54,998  3,70,982  4,13,424  4,42,325 
2A + 4C
 Eldest Age/SI 5,00,000 7,50,000  10,00,000  15,00,000  20,00,000  25,00,000  30,00,000 35,00,000  40,00,000  45,00,000  50,00,000  75,00,000 1,00,00,000 
 Upto 20 Years  33,005  34,716  36,325  40,241  41,621  43,475  45,415  47,437  49,556  51,769  54,078  67,301  83,782 
 21-25 Years  39,989  42,056  44,013  48,765  50,441  52,693  55,049  57,507  60,078  62,765  65,569  81,625  94,779 
 26-30 Years  41,158  43,283  45,297  50,192  51,918  54,235  56,659  59,190  61,839  64,603  67,492  84,022  98,747 
 31-35 Years  41,679  43,833  45,872  50,827  52,577  54,926  57,380  59,942  62,625  65,425  68,351  85,093  1,01,723 
 36-40 Years  45,706  48,064  50,304  55,743  57,661  60,239  62,935  65,747  68,691  71,766  74,977  93,351  1,07,495 
 41-45 Years  51,898  54,559  57,111  63,305  65,493  68,428  71,498  74,703  78,053  81,555  85,216  1,06,145  1,17,234 
 46-50 Years  64,339  67,632  70,802  78,490  81,204  84,848  88,655  92,637  96,795  1,01,141  1,05,683  1,31,661  1,47,534 
 51-55 Years  85,026  89,378  93,571  1,03,745  1,07,335  1,12,154  1,17,193  1,22,460  1,27,964  1,33,714  1,39,725  1,74,091  1,90,550 
 56-60 Years 1,15,102 1,20,987  1,26,666  1,40,454  1,45,315  1,51,851  1,58,678  1,65,816  1,73,271  1,81,062  1,89,210  2,34,919  2,51,241 
 61-65 Years 1,24,934 1,36,339  1,46,448  1,61,028  1,72,951  1,82,736  1,89,929  1,96,344  2,02,176  2,07,554  2,12,544  2,33,150  2,49,415 
 66-70 Years 1,70,294  ,85,911  1,99,778  2,19,542  2,35,742  2,49,091  2,58,941  2,67,689  2,75,724  2,83,046  2,89,850  3,18,038  3,40,265 
 71-75 Years 2,16,626 2,36,520  2,54,146  2,79,223  2,98,864  3,12,320  3,26,378  3,40,589  3,50,762  3,60,094  3,68,777  4,04,676  4,32,994 
 above 75 
Years 2,43,324 2,60,787  2,73,051  3,02,810  3,13,312  3,27,417  3,42,157  3,57,559  3,73,658  3,90,483  4,08,065  4,54,766  4,86,583 CIN: U66010PN2000PLC015329, UIN:BAJHLIP26073V082526 
11
Optional Cover: 
Air Ambulance
Limit Office Premium
 5,00,000  92 
 10,00,000  184 
 15,00,000  275 
 20,00,000  367 
 25,00,000  459 
 50,00,000  918 
 
 Voluntary Deductible  
 Deductible  Sum Insured  Discount %  Deductible  Sum   Insured  Discount % 
 50,000  1,50,000 5%  2,00,000  5,00,000 67%
 50,000  2,00,000 19%  2,00,000  7,50,000 64%
 50,000  3,00,000 21%  2,00,000  10,00,000 60%
 50,000  4,00,000 22%  2,00,000  15,00,000 57%
 50,000  5,00,000 22%  2,00,000  20,00,000 55%
 50,000  7,50,000 21%  2,00,000  25,00,000 52%
 50,000  10,00,000 20%  2,00,000  30,00,000 50%
 50,000  15,00,000 18%  2,00,000  35,00,000 48%
 50,000  20,00,000 18%  2,00,000  40,00,000 45%
 50,000  25,00,000 17%  2,00,000  45,00,000 43%
 50,000  30,00,000 16%  2,00,000  50,00,000 41%
 50,000  35,00,000 15%  3,00,000  1,50,000 83%
 50,000  40,00,000 15%  3,00,000  2,00,000 87%
 50,000  45,00,000 14%  3,00,000  3,00,000 87%
 50,000  50,00,000 13%  3,00,000  4,00,000 86%
 1,00,000  1,50,000 31%  3,00,000  5,00,000 84%
 1,00,000  2,00,000 37%  3,00,000  7,50,000 80%
 1,00,000  3,00,000 43%  3,00,000  10,00,000 76%
 1,00,000  4,00,000 44%  3,00,000  15,00,000 72%
 1,00,000  5,00,000 44%  3,00,000  20,00,000 69%
 1,00,000  7,50,000 42%  3,00,000  25,00,000 66%
 1,00,000  10,00,000 39%  3,00,000  30,00,000 63%
 1,00,000  15,00,000 37%  3,00,000  35,00,000 60%
 1,00,000  20,00,000 35%  3,00,000  40,00,000 57%
 1,00,000  25,00,000 34%  3,00,000  45,00,000 55%
 1,00,000  30,00,000 32%  3,00,000  50,00,000 52%
 1,00,000  35,00,000 31%  50,000  75,00,000 11%
 1,00,000  40,00,000 29%  1,00,000  75,00,000 21%
 1,00,000  45,00,000 28%  2,00,000  75,00,000 33%
 1,00,000  50,00,000 27%  3,00,000  75,00,000 41%
 2,00,000  1,50,000 55%  50,000  1,00,00,000 8%
 2,00,000  2,00,000 63%  1,00,000  1,00,00,000 16%
 2,00,000  3,00,000 68%  2,00,000  1,00,00,000 25%
 2,00,000  4,00,000 68%  3,00,000  1,00,00,000 31%
Note- An 8% increase on the base rates will apply every year to all policies with RID starting October 25, 2026 onwards.CIN: U66010PN2000PLC015329, UIN:BAJHLIP26073V082526 
12
Discounts
1 Family Discount –
• 10% if 2 eligible family members are covered under a single policy
• 15% if more than 2 of any of the eligible family members are covered under a single policy
 *Family discount is not applicable to Health Guard Floater Policies.
2 Employee Discount: 20% discount on published premium rates to employees of Bajaj General & its group 
 Companies, this discount is applicable only if the Policy is booked in direct office code.
 
3 Online/Direct Business Discount: Discount of 5% will be offered in this product for policies underwritten through direct/online channel.
 Note: this discount is not applicable for Employees who get employee discount
4 Co pay Discount-: If opted voluntarily
• 10% discount on the policy premium
• 20% discount on the policy premium
5 Long Term Policy Discount-
• 4 % discount is applicable if policy is opted for 2 years
• 8 % discount is applicable if policy is opted for 3 years
 Note: Long Term discount is not applicable if Premium Payment mode is on Installment basis
6 Wellness Discount
 As detailed in Wellness Benefit Section in the Policy Wordings, depending on number of parameters met by insured during a policy year discount will be 
offered on subsequent renewal premium.
Parameters Achieved Discount
4 out of 8 5%
6 out of 8 7.5%
8 out of 8 10%
Note- If an Insured meets 8 out of 8 above mentioned parameters and he/she walks for 10000 steps for 20 days every month then they will be eligible for addi-
tional discount of 2.5%.
7 Zone Discount
• If You opt for coverage under Zone B, then You will be eligible for 20% discount on the premium
• If You opt for coverage under Zone C, then You will be eligible for 30% discount on the premium
8 Room Rent capping discount: (Applicable for Gold & Platinum Plan)
 If You opt for this cover You will be entitled for a per day room rent limit of 1.5% of hospitalization Sum Insured up to maximum Rs. 7,500 per day. 
 By opting for this cover You will be eligible for discount on premium as per below grid-
Base SI Gold Plan Platinum Plan
` 300,000 and above 5% 8%
The overall Maximum Discount allowed is 55%
Instalment Options
•  0.086 for monthly mode, 0.257 for quarterly mode, and 0.509 for semi-annual mode. 
•  In case of policies with period more than 1 year, premium can be paid annually
Optional Cover Premium Rates Waiver of Room Capping 
2% of Base Cover Premium
(Optional Cover - Waiver of Room Capping - UIN - BAJHLAP21577V012021)CIN: U66010PN2000PLC015329, UIN:BAJHLIP26073V082526 
13
BAJAJ GENERAL INSURANCE LIMITED
(Formerly Known as Bajaj Allianz General Insurance Co. Ltd.)
BAJAJ INSURANCE HOUSE, AIRPORT ROAD, YERAWADA,
PUNE - 411006. IRDAI REG NO.: 113.
FOR ANY QUERY (TOLL FREE)
1800-209-0144 /1800-209-5858
www.bajajgeneralinsurance.com
careforyou@bajajgeneral .com
For more details on risk factors, Terms and Conditions, please read the sales brochure before con-
cluding a sale.
Note: It is mandatory to keep updated your policy with your correct contact details and bank ac-
count details, to process any of your service requests faster and hassle-free. To update your con-
tact details i.e., Mobile No., Email ID, PAN Card, and Bank Account details, please use chatbot, visit 
our website, contact your agent or nearest branch. 
CIN: U66010PN2000PLC015329 | UIN : Health Guard - BAJHLIP26073V082526  |  Add On Cover 
(Waiver of Room Capping - BAJHLAP21577V012021)
BGI-O-0096/31-10-2025